QGC WPL 110
0	1	0	16	0	0	0	0	13.1297824	77.7785639	884.010000	1
1	0	3	84	0.00000000	0.00000000	0.00000000	0.00000000	0.00000000	0.00000000	50.000000	1
2	0	3	16	0.00000000	0.00000000	0.00000000	0.00000000	13.12904520	77.78268810	65.000000	1
3	0	3	16	0.00000000	0.00000000	0.00000000	0.00000000	13.12727420	77.79266600	180.000000	1
4	0	3	16	0.00000000	0.00000000	0.00000000	0.00000000	13.12290670	77.79191490	180.000000	1
5	0	3	16	0.00000000	0.00000000	0.00000000	0.00000000	13.12608310	77.77537110	180.000000	1
6	0	3	16	0.00000000	0.00000000	0.00000000	0.00000000	13.13022070	77.77620790	180.000000	1
7	0	0	177	3.00000000	14.00000000	0.00000000	0.00000000	0.00000000	0.00000000	0.000000	1
8	0	3	16	0.00000000	0.00000000	0.00000000	0.00000000	13.12889370	77.78318170	180.000000	1
9	0	3	16	0.00000000	0.00000000	0.00000000	0.00000000	13.12464640	77.78377180	180.000000	1
10	0	3	16	0.00000000	0.00000000	0.00000000	0.00000000	13.11867500	77.77980210	125.000000	1
11	0	3	16	0.00000000	0.00000000	0.00000000	0.00000000	13.12270820	77.77473810	75.000000	1
12	0	3	16	0.00000000	0.00000000	0.00000000	0.00000000	13.12660550	77.77674440	60.000000	1
13	0	3	85	0.00000000	0.00000000	0.00000000	0.00000000	13.12976810	77.77854250	0.000000	1
14	0	0	218	153.00000000	0.00000000	0.00000000	0.00000000	0.00000000	0.00000000	0.000000	1
